-3.1 0.000967603213218371
-3.069 0.0010738829564627128
-3.038 0.0011907697730971223
-3.0069999999999997 0.0013191988147348566
-2.9759999999999995 0.001460174310003226
-2.9449999999999994 0.001614773314353779
-2.9139999999999993 0.0017841495329055657
-2.882999999999999 0.0019695372041868553
-2.851999999999999 0.002172255031100634
-2.820999999999999 0.0023937101438474273
-2.7899999999999987 0.002635402077904969
-2.7589999999999986 0.0028989267484932357
-2.7279999999999984 0.0031859804012601134
-2.6969999999999983 0.0034983635172141647
-2.665999999999998 0.0038379846482226587
-2.634999999999998 0.004206864157697443
-2.603999999999998 0.004607137839421904
-2.5729999999999977 0.0050410603858491165
-2.5419999999999976 0.005511008675633089
-2.5109999999999975 0.00601948484867193
-2.4799999999999973 0.006569119135546808
-2.448999999999997 0.007162672406967885
-2.417999999999997 0.007803038407697416
-2.386999999999997 0.008493245638435287
-2.3559999999999968 0.009236458848343398
-2.3249999999999966 0.010035980100274178
-2.2939999999999965 0.010895249370371007
-2.2629999999999963 0.01181784464355129
-2.231999999999996 0.012807481466479032
-2.200999999999996 0.013868011920006917
-2.169999999999996 0.015003422973732361
-2.138999999999996 0.016217834186284696
-2.1079999999999957 0.017515494716257962
-2.0769999999999955 0.018900779610336926
-2.0459999999999954 0.020378185337142474
-2.0149999999999952 0.021952324537658496
-1.9839999999999953 0.023627919965798383
-1.9529999999999954 0.025409797595729866
-1.9219999999999955 0.027302878875999803
-1.8909999999999956 0.029312172114287605
-1.8599999999999957 0.03144276298075305
-1.8289999999999957 0.033699804122428845
-1.7979999999999958 0.03608850388591822
-1.766999999999996 0.03861411415078342
-1.735999999999996 0.04128191728142472
-1.704999999999996 0.044097212210927494
-1.6739999999999962 0.04706529967626821
-1.6429999999999962 0.05019146663038698
-1.6119999999999963 0.053480969862911676
-1.5809999999999964 0.05693901886772629
-1.5499999999999965 0.060570758002059466
-1.5189999999999966 0.06438124798828904
-1.4879999999999967 0.0683754468161622
-1.4569999999999967 0.07255819010956721
-1.4259999999999968 0.07693417102830546
-1.394999999999997 0.08150791978145189
-1.363999999999997 0.08628378283479265
-1.332999999999997 0.09126590190044209
-1.3019999999999972 0.09645819280200113
-1.2709999999999972 0.10186432431347836
-1.2399999999999973 0.10748769707458755
-1.2089999999999974 0.11333142268891055
-1.1779999999999975 0.11939830311473099
-1.1469999999999976 0.1256908104610242
-1.1159999999999977 0.13221106730312493
-1.0849999999999977 0.1389608276339116
-1.0539999999999978 0.1459414585669228
-1.022999999999998 0.1531539229076278
-0.9919999999999979 0.1605987627080711
-0.9609999999999979 0.1682760839182913
-0.9299999999999978 0.1761855422452585
-0.8989999999999978 0.18432633032657342
-0.8679999999999978 0.19269716632182782
-0.8369999999999977 0.20129628401935074
-0.8059999999999977 0.21012142455006433
-0.7749999999999977 0.21916982979337807
-0.7439999999999977 0.22843823755248838
-0.7129999999999976 0.23792287856815775
-0.6819999999999976 0.24761947543107354
-0.6509999999999976 0.2575232434432781
-0.6199999999999976 0.2676288934689839
-0.5889999999999975 0.27793063680440394
-0.5579999999999975 0.28842219208510483
-0.5269999999999975 0.2990967942379156
-0.49599999999999744 0.3099472054726705
-0.4649999999999974 0.32096572829712294
-0.4339999999999974 0.3321442205263184
-0.40299999999999736 0.34347411224566704
-0.37199999999999733 0.35494642467498
-0.3409999999999973 0.3665517908689434
-0.3099999999999973 0.37828047817798177
-0.27899999999999725 0.3901224123823032
-0.24799999999999725 0.40206720340121727
-0.21699999999999725 0.41410417246965303
-0.18599999999999725 0.42622238066427387
-0.15499999999999725 0.43841065865275425
-0.12399999999999725 0.45065763753174015
-0.09299999999999725 0.4629517806118128
-0.06199999999999725 0.4752814160014896
-0.030999999999997252 0.48763476983696746
2.7478019859472624e-15 0.5000000000000011
0.031000000000002748 0.5123652301630347
0.06200000000000275 0.5247185839985126
0.09300000000000275 0.5370482193881894
0.12400000000000275 0.5493423624682621
0.15500000000000275 0.5615893413472479
0.18600000000000275 0.5737776193357282
0.21700000000000275 0.5858958275303491
0.24800000000000275 0.5979327965987848
0.27900000000000275 0.6098775876176988
0.3100000000000027 0.6217195218220203
0.34100000000000275 0.6334482091310586
0.3720000000000028 0.645053575325022
0.4030000000000028 0.656525887754335
0.43400000000000283 0.6678557794736836
0.46500000000000286 0.679034271702879
0.4960000000000029 0.6900527945273314
0.5270000000000029 0.7009032057620863
0.5580000000000029 0.711577807914897
0.589000000000003 0.7220693631955979
0.620000000000003 0.7323711065310179
0.651000000000003 0.7424767565567237
0.682000000000003 0.7523805245689281
0.7130000000000031 0.7620771214318438
0.7440000000000031 0.7715617624475133
0.7750000000000031 0.7808301702066235
0.8060000000000032 0.7898785754499372
0.8370000000000032 0.7987037159806508
0.8680000000000032 0.8073028336781737
0.8990000000000032 0.815673669673428
0.9300000000000033 0.8238144577547428
0.9610000000000033 0.8317239160817101
0.9920000000000033 0.8394012372919302
1.0230000000000032 0.8468460770923735
1.0540000000000032 0.8540585414330785
1.085000000000003 0.8610391723660896
1.116000000000003 0.8677889326968762
1.147000000000003 0.8743091895389768
1.1780000000000028 0.8806016968852699
1.2090000000000027 0.8866685773110905
1.2400000000000027 0.8925123029254135
1.2710000000000026 0.8981356756865224
1.3020000000000025 0.9035418071979998
1.3330000000000024 0.9087340980995589
1.3640000000000023 0.913716217165208
1.3950000000000022 0.918492080218549
1.4260000000000022 0.9230658289716953
1.457000000000002 0.9274418098904336
1.488000000000002 0.9316245531838385
1.519000000000002 0.9356187520117116
1.5500000000000018 0.9394292419979412
1.5810000000000017 0.9430609811322743
1.6120000000000017 0.9465190301370889
1.6430000000000016 0.9498085333696136
1.6740000000000015 0.9529347003237323
1.7050000000000014 0.955902787789073
1.7360000000000013 0.9587180827185757
1.7670000000000012 0.961385885849217
1.7980000000000012 0.9639114961140822
1.829000000000001 0.9663001958775715
1.860000000000001 0.9685572370192473
1.891000000000001 0.9706878278857127
1.9220000000000008 0.9726971211240005
1.9530000000000007 0.9745902024042705
1.9840000000000007 0.976372080034202
2.0150000000000006 0.9780476754623418
2.0460000000000007 0.9796218146628577
2.077000000000001 0.9810992203896634
2.108000000000001 0.9824845052837423
2.139000000000001 0.9837821658137156
2.1700000000000013 0.9849965770262679
2.2010000000000014 0.9861319880799932
2.2320000000000015 0.9871925185335212
2.2630000000000017 0.9881821553564489
2.294000000000002 0.9891047506296291
2.325000000000002 0.9899640198997259
2.356000000000002 0.9907635411516568
2.3870000000000022 0.9915067543615649
2.4180000000000024 0.9921969615923028
2.4490000000000025 0.9928373275930322
2.4800000000000026 0.9934308808644533
2.511000000000003 0.9939805151513281
2.542000000000003 0.9944889913243671
2.573000000000003 0.9949589396141509
2.604000000000003 0.9953928621605781
2.6350000000000033 0.9957931358423027
2.6660000000000035 0.9961620153517774
2.6970000000000036 0.9965016364827859
2.7280000000000038 0.9968140195987399
2.759000000000004 0.9971010732515069
2.790000000000004 0.9973645979220951
2.821000000000004 0.9976062898561526
2.8520000000000043 0.9978277449688995
2.8830000000000044 0.9980304627958132
2.9140000000000046 0.9982158504670944
2.9450000000000047 0.9983852266856462
2.976000000000005 0.9985398256899968
3.007000000000005 0.9986808011852653
3.038000000000005 0.9988092302269029
3.0690000000000053 0.9989261170435373
